2

 640.0000000000  480.0000000000  532.4691162109    0.0000000000  338.1228942871    0.0000000000  530.2947998047  238.8942871094    0.0000000000    0.0000000000    1.0000000000   -0.4175221026    0.1891709864    0.0003914383   -0.0011864222   -0.9760110974   -0.1374343038    0.1688613445   -0.1323296279    0.9903501868    0.0411752313   -0.1728907526    0.0178421214   -0.9847794175 -310.0098571777  136.0222320557 1672.5866699219 

 640.0000000000  480.0000000000  530.4125976562    0.0000000000  317.4682006836    0.0000000000  528.4988403320  227.5575103760    0.0000000000    0.0000000000    1.0000000000   -0.4129818976    0.1751222312    0.0006295592   -0.0009067627   -0.9816629291   -0.1108721346    0.1550652385   -0.1027268991    0.9929215908    0.0596145466   -0.1605772227    0.0425920188   -0.9861038923 -364.6946105957  101.5997467041 1683.8571777344 

  -0.0000000000   13.5405960083  653.0319213867   36.9150466919  639.5961303711  493.7315063477  -13.6807222366  478.6849060059 
 -12.5248060226   -0.8691467047  644.7002563477    0.0075914753  636.0823364258  460.8734130859   -6.9580521584  456.2715148926 
   1.0389637757   -0.0285015049   -0.0000000000    0.0375740921    0.9690506547   13.5405960083    0.0000284847    0.0000000000    1.0000000000 
   1.0185510749    0.0112792542  -12.5248060235    0.0013698049    0.9732389150   -0.8691467057   -0.0000129721    0.0000457240    1.0000000000 
