2

 640.0000000000  480.0000000000  864.7131347656    0.0000000000  357.7168273926    0.0000000000  861.7809448242  254.2458190918    0.0000000000    0.0000000000    1.0000000000   -0.2096963078    0.3698274791    0.0005397799    0.0017906505   -0.0130104953   -0.9998106360   -0.0144703137    0.9995056987   -0.0125895832   -0.0288082622    0.0286206324   -0.0148379710    0.9994801879  204.6762695312 -190.1337738037 1704.9564208984 

 640.0000000000  480.0000000000  883.1638793945    0.0000000000  328.6622924805    0.0000000000  879.8566894531  258.8947143555    0.0000000000    0.0000000000    1.0000000000   -0.1880456656    0.1204812601   -0.0020200859    0.0008498499    0.0050925752   -0.9996519685   -0.0258837715    0.9996233582    0.0057870420   -0.0268264823    0.0269669369   -0.0257374067    0.9993049502   71.0735778809 -191.8886108398 1707.9512939453 

   0.1622854322   -8.3816146851  677.6712036133    4.4977426529  668.1794433594  475.2744750977   -8.9438457489  461.9260559082 
 -51.7980651855   -2.3676743507  640.5010986328    0.0051449141  640.0000000000  478.9986572266  -52.3860855103  479.9208984375 
   1.0575360080   -0.0189814540    0.1622854322    0.0201168831    0.9803420603   -8.3816146851   -0.0000015814    0.0000011569    1.0000000000 
   1.0886017311   -0.0012118846  -51.7980651860    0.0037075854    1.0046473190   -2.3676743513    0.0000107483   -0.0000002512    1.0000000000 
